          10           1
          20         261
          30        1023
          40        2259
          50        4052
          60        6347
          70        9161
          80       12364
          90       16198
         100       20453
         110       25095
         120       30516
         130       36143
         140       42418
         150       49238
         160       56673
         170       63982
         180       72159
         190       81481
         200       90393
         210       99985
         220      110219
         230      120963
         240      132253
         250      144548
