        0.0000e+00        0.0000e+00        0.0000e+00
       -7.4735e-020        9.8727e-020       -4.7214e-020
       -1.2665e-010        1.4070e-010       -8.8954e-020
       -1.3989e-010        1.0180e-010       -1.2038e-010
       -1.1041e-010        4.3764e-030       -1.3785e-010
       -4.7214e-020       -9.5561e-020       -1.3934e-010
        3.0398e-020       -1.4057e-010       -1.2468e-010
        9.8727e-020       -1.0477e-010       -9.5561e-020
        1.3691e-010       -8.7485e-030       -5.5364e-020
        1.3328e-010        9.2302e-020       -8.7485e-030
        8.8954e-020        1.4029e-010        3.8881e-020
        1.7463e-020        1.0764e-010        8.2003e-020
       -5.9360e-020        1.3112e-020        1.1562e-010
       -1.1806e-010       -8.8954e-020        1.3583e-010
       -1.4070e-010       -1.3989e-010        1.4029e-010
       -1.2038e-010       -1.1041e-010        1.2849e-010
       -6.3300e-020       -1.7463e-020        1.0180e-010
        1.3112e-020        8.5520e-020        6.3300e-020
        8.5520e-020        1.3934e-010        1.7463e-020
        1.3181e-010        1.1307e-010       -3.0398e-020
        1.3785e-010        2.1797e-020       -7.4735e-020
        1.0180e-010       -8.2003e-020       -1.1041e-010
        3.4656e-020       -1.3867e-010       -1.3328e-010
       -4.3068e-020       -1.1562e-010       -1.4070e-010
       -1.0764e-010       -2.6110e-020       -1.3181e-010
       -1.3934e-010        7.8407e-020       -1.0764e-010
       -1.2849e-010        1.3785e-010       -7.0991e-020
       -7.8407e-020        1.1806e-010       -2.6110e-020
       -4.3764e-030        3.0398e-020        2.1797e-020
        7.0991e-020       -7.4735e-020        6.7178e-020
        1.2468e-010       -1.3691e-010        1.0477e-010
        1.4029e-010       -1.2038e-010        1.3022e-010
        1.1307e-010       -3.4656e-020        1.4057e-010
        5.1314e-020        7.0991e-020        1.3462e-010
       -2.6110e-020        1.3583e-010        1.1307e-010
       -9.5561e-020        1.2259e-010        7.8407e-020
       -1.3583e-010        3.8881e-020        3.4656e-020
       -1.3462e-010       -6.7178e-020       -1.3112e-020
       -9.2302e-020       -1.3462e-010       -5.9360e-020
       -2.1797e-020       -1.2468e-010       -9.8727e-020
        5.5364e-020       -4.3068e-020       -1.2665e-010
        1.1562e-010        6.3300e-020       -1.3989e-010
        1.4057e-010        1.3328e-010       -1.3691e-010
        1.2259e-010        1.2665e-010       -1.1806e-010
        6.7178e-020        4.7214e-020       -8.5520e-020
       -8.7485e-030       -5.9360e-020       -4.3068e-020
       -8.2003e-020       -1.3181e-010        4.3764e-030
       -1.3022e-010       -1.2849e-010        5.1314e-020
       -1.3867e-010       -5.1314e-020        9.2302e-020
       -1.0477e-010        5.5364e-020        1.2259e-010
       -3.8881e-020        1.3022e-010        1.3867e-010
        3.8881e-020        1.3022e-010        1.3867e-010
        1.0477e-010        5.5364e-020        1.2259e-010
        1.3867e-010       -5.1314e-020        9.2302e-020
        1.3022e-010       -1.2849e-010        5.1314e-020
        8.2003e-020       -1.3181e-010        4.3764e-030
        8.7485e-030       -5.9360e-020       -4.3068e-020
       -6.7178e-020        4.7214e-020       -8.5520e-020
       -1.2259e-010        1.2665e-010       -1.1806e-010
       -1.4057e-010        1.3328e-010       -1.3691e-010
       -1.1562e-010        6.3300e-020       -1.3989e-010
       -5.5364e-020       -4.3068e-020       -1.2665e-010
        2.1797e-020       -1.2468e-010       -9.8727e-020
        9.2302e-020       -1.3462e-010       -5.9360e-020
        1.3462e-010       -6.7178e-020       -1.3112e-020
        1.3583e-010        3.8881e-020        3.4656e-020
        9.5561e-020        1.2259e-010        7.8407e-020
        2.6110e-020        1.3583e-010        1.1307e-010
       -5.1314e-020        7.0991e-020        1.3462e-010
       -1.1307e-010       -3.4656e-020        1.4057e-010
       -1.4029e-010       -1.2038e-010        1.3022e-010
       -1.2468e-010       -1.3691e-010        1.0477e-010
       -7.0991e-020       -7.4735e-020        6.7178e-020
        4.3764e-030        3.0398e-020        2.1797e-020
        7.8407e-020        1.1806e-010       -2.6110e-020
        1.2849e-010        1.3785e-010       -7.0991e-020
        1.3934e-010        7.8407e-020       -1.0764e-010
        1.0764e-010       -2.6110e-020       -1.3181e-010
        4.3068e-020       -1.1562e-010       -1.4070e-010
       -3.4656e-020       -1.3867e-010       -1.3328e-010
       -1.0180e-010       -8.2003e-020       -1.1041e-010
       -1.3785e-010        2.1797e-020       -7.4735e-020
       -1.3181e-010        1.1307e-010       -3.0398e-020
       -8.5520e-020        1.3934e-010        1.7463e-020
       -1.3112e-020        8.5520e-020        6.3300e-020
        6.3300e-020       -1.7463e-020        1.0180e-010
        1.2038e-010       -1.1041e-010        1.2849e-010
        1.4070e-010       -1.3989e-010        1.4029e-010
        1.1806e-010       -8.8954e-020        1.3583e-010
        5.9360e-020        1.3112e-020        1.1562e-010
       -1.7463e-020        1.0764e-010        8.2003e-020
       -8.8954e-020        1.4029e-010        3.8881e-020
       -1.3328e-010        9.2302e-020       -8.7485e-030
       -1.3691e-010       -8.7485e-030       -5.5364e-020
       -9.8727e-020       -1.0477e-010       -9.5561e-020
       -3.0398e-020       -1.4057e-010       -1.2468e-010
        4.7214e-020       -9.5561e-020       -1.3934e-010
        1.1041e-010        4.3764e-030       -1.3785e-010
        1.3989e-010        1.0180e-010       -1.2038e-010
        1.2665e-010        1.4070e-010       -8.8954e-020
        7.4735e-020        9.8727e-020       -4.7214e-020
        0.0000e+00        0.0000e+00        0.0000e+00
