  0.0000e+00 -7.4735e-02  9.8727e-02 -4.7214e-02
  1.0000e-02 -1.2665e-01  1.4070e-01 -8.8954e-02
  2.0000e-02 -1.3989e-01  1.0180e-01 -1.2038e-01
  3.0000e-02 -1.1041e-01  4.3764e-03 -1.3785e-01
  4.0000e-02 -4.7214e-02 -9.5561e-02 -1.3934e-01
  5.0000e-02  3.0398e-02 -1.4057e-01 -1.2468e-01
  6.0000e-02  9.8727e-02 -1.0477e-01 -9.5561e-02
  7.0000e-02  1.3691e-01 -8.7485e-03 -5.5364e-02
  8.0000e-02  1.3328e-01  9.2302e-02 -8.7485e-03
  9.0000e-02  8.8954e-02  1.4029e-01  3.8881e-02
  1.0000e-01  1.7463e-02  1.0764e-01  8.2003e-02
  1.1000e-01 -5.9360e-02  1.3112e-02  1.1562e-01
  1.2000e-01 -1.1806e-01 -8.8954e-02  1.3583e-01
  1.3000e-01 -1.4070e-01 -1.3989e-01  1.4029e-01
  1.4000e-01 -1.2038e-01 -1.1041e-01  1.2849e-01
  1.5000e-01 -6.3300e-02 -1.7463e-02  1.0180e-01
  1.6000e-01  1.3112e-02  8.5520e-02  6.3300e-02
  1.7000e-01  8.5520e-02  1.3934e-01  1.7463e-02
  1.8000e-01  1.3181e-01  1.1307e-01 -3.0398e-02
  1.9000e-01  1.3785e-01  2.1797e-02 -7.4735e-02
  2.0000e-01  1.0180e-01 -8.2003e-02 -1.1041e-01
  2.1000e-01  3.4656e-02 -1.3867e-01 -1.3328e-01
  2.2000e-01 -4.3068e-02 -1.1562e-01 -1.4070e-01
  2.3000e-01 -1.0764e-01 -2.6110e-02 -1.3181e-01
  2.4000e-01 -1.3934e-01  7.8407e-02 -1.0764e-01
  2.5000e-01 -1.2849e-01  1.3785e-01 -7.0991e-02
  2.6000e-01 -7.8407e-02  1.1806e-01 -2.6110e-02
  2.7000e-01 -4.3764e-03  3.0398e-02  2.1797e-02
  2.8000e-01  7.0991e-02 -7.4735e-02  6.7178e-02
  2.9000e-01  1.2468e-01 -1.3691e-01  1.0477e-01
  3.0000e-01  1.4029e-01 -1.2038e-01  1.3022e-01
  3.1000e-01  1.1307e-01 -3.4656e-02  1.4057e-01
  3.2000e-01  5.1314e-02  7.0991e-02  1.3462e-01
  3.3000e-01 -2.6110e-02  1.3583e-01  1.1307e-01
  3.4000e-01 -9.5561e-02  1.2259e-01  7.8407e-02
  3.5000e-01 -1.3583e-01  3.8881e-02  3.4656e-02
  3.6000e-01 -1.3462e-01 -6.7178e-02 -1.3112e-02
  3.7000e-01 -9.2302e-02 -1.3462e-01 -5.9360e-02
  3.8000e-01 -2.1797e-02 -1.2468e-01 -9.8727e-02
  3.9000e-01  5.5364e-02 -4.3068e-02 -1.2665e-01
  4.0000e-01  1.1562e-01  6.3300e-02 -1.3989e-01
  4.1000e-01  1.4057e-01  1.3328e-01 -1.3691e-01
  4.2000e-01  1.2259e-01  1.2665e-01 -1.1806e-01
  4.3000e-01  6.7178e-02  4.7214e-02 -8.5520e-02
  4.4000e-01 -8.7485e-03 -5.9360e-02 -4.3068e-02
  4.5000e-01 -8.2003e-02 -1.3181e-01  4.3764e-03
  4.6000e-01 -1.3022e-01 -1.2849e-01  5.1314e-02
  4.7000e-01 -1.3867e-01 -5.1314e-02  9.2302e-02
  4.8000e-01 -1.0477e-01  5.5364e-02  1.2259e-01
  4.9000e-01 -3.8881e-02  1.3022e-01  1.3867e-01
  5.0000e-01  3.8881e-02  1.3022e-01  1.3867e-01
  5.1000e-01  1.0477e-01  5.5364e-02  1.2259e-01
  5.2000e-01  1.3867e-01 -5.1314e-02  9.2302e-02
  5.3000e-01  1.3022e-01 -1.2849e-01  5.1314e-02
  5.4000e-01  8.2003e-02 -1.3181e-01  4.3764e-03
  5.5000e-01  8.7485e-03 -5.9360e-02 -4.3068e-02
  5.6000e-01 -6.7178e-02  4.7214e-02 -8.5520e-02
  5.7000e-01 -1.2259e-01  1.2665e-01 -1.1806e-01
  5.8000e-01 -1.4057e-01  1.3328e-01 -1.3691e-01
  5.9000e-01 -1.1562e-01  6.3300e-02 -1.3989e-01
  6.0000e-01 -5.5364e-02 -4.3068e-02 -1.2665e-01
  6.1000e-01  2.1797e-02 -1.2468e-01 -9.8727e-02
  6.2000e-01  9.2302e-02 -1.3462e-01 -5.9360e-02
  6.3000e-01  1.3462e-01 -6.7178e-02 -1.3112e-02
  6.4000e-01  1.3583e-01  3.8881e-02  3.4656e-02
  6.5000e-01  9.5561e-02  1.2259e-01  7.8407e-02
  6.6000e-01  2.6110e-02  1.3583e-01  1.1307e-01
  6.7000e-01 -5.1314e-02  7.0991e-02  1.3462e-01
  6.8000e-01 -1.1307e-01 -3.4656e-02  1.4057e-01
  6.9000e-01 -1.4029e-01 -1.2038e-01  1.3022e-01
  7.0000e-01 -1.2468e-01 -1.3691e-01  1.0477e-01
  7.1000e-01 -7.0991e-02 -7.4735e-02  6.7178e-02
  7.2000e-01  4.3764e-03  3.0398e-02  2.1797e-02
  7.3000e-01  7.8407e-02  1.1806e-01 -2.6110e-02
  7.4000e-01  1.2849e-01  1.3785e-01 -7.0991e-02
  7.5000e-01  1.3934e-01  7.8407e-02 -1.0764e-01
  7.6000e-01  1.0764e-01 -2.6110e-02 -1.3181e-01
  7.7000e-01  4.3068e-02 -1.1562e-01 -1.4070e-01
  7.8000e-01 -3.4656e-02 -1.3867e-01 -1.3328e-01
  7.9000e-01 -1.0180e-01 -8.2003e-02 -1.1041e-01
  8.0000e-01 -1.3785e-01  2.1797e-02 -7.4735e-02
  8.1000e-01 -1.3181e-01  1.1307e-01 -3.0398e-02
  8.2000e-01 -8.5520e-02  1.3934e-01  1.7463e-02
  8.3000e-01 -1.3112e-02  8.5520e-02  6.3300e-02
  8.4000e-01  6.3300e-02 -1.7463e-02  1.0180e-01
  8.5000e-01  1.2038e-01 -1.1041e-01  1.2849e-01
  8.6000e-01  1.4070e-01 -1.3989e-01  1.4029e-01
  8.7000e-01  1.1806e-01 -8.8954e-02  1.3583e-01
  8.8000e-01  5.9360e-02  1.3112e-02  1.1562e-01
  8.9000e-01 -1.7463e-02  1.0764e-01  8.2003e-02
  9.0000e-01 -8.8954e-02  1.4029e-01  3.8881e-02
  9.1000e-01 -1.3328e-01  9.2302e-02 -8.7485e-03
  9.2000e-01 -1.3691e-01 -8.7485e-03 -5.5364e-02
  9.3000e-01 -9.8727e-02 -1.0477e-01 -9.5561e-02
  9.4000e-01 -3.0398e-02 -1.4057e-01 -1.2468e-01
  9.5000e-01  4.7214e-02 -9.5561e-02 -1.3934e-01
  9.6000e-01  1.1041e-01  4.3764e-03 -1.3785e-01
  9.7000e-01  1.3989e-01  1.0180e-01 -1.2038e-01
  9.8000e-01  1.2665e-01  1.4070e-01 -8.8954e-02
  9.9000e-01  7.4735e-02  9.8727e-02 -4.7214e-02
