        0.0000e+00        0.0000e+00        0.0000e+00
        1.2013e-010        2.3053e-010        3.2225e-010
        2.3053e-010        3.8787e-010        4.2206e-010
        3.2225e-010        4.2206e-010        2.3053e-010
        3.8787e-010        3.2225e-010       -1.2013e-010
        4.2206e-010        1.2013e-010       -3.8787e-010
        4.2206e-010       -1.2013e-010       -3.8787e-010
        3.8787e-010       -3.2225e-010       -1.2013e-010
        3.2225e-010       -4.2206e-010        2.3053e-010
        2.3053e-010       -3.8787e-010        4.2206e-010
        1.2013e-010       -2.3053e-010        3.2225e-010
        0.0000e+00        0.0000e+00        0.0000e+00
